100 NUMBERS

5873 8240 -2966 9289 -1806 5365 505 -99 7110 -1928 4329 444 -6521 5015 -3785 7413 -9470 2820 7045 -4933 450 -5006 3606 -8455 3923 -5596 -9446 6201 4719 -6045 -9150 5137 7022 -1289 7107 7108 -4322 -3753 5768 -2231 4036 1334 -9699 822 5244 -5217 9433 8173 -9131 -9485 -2971 918 -205 4701 1202 3752 6411 2639 -7991 6047 2536 -9093 -7518 5634 -9429 -3452 8808 8576 5132 -2768 -1534 -9610 -6141 1679 5721 2164 6922 -8459 7056 -1587 -1111 577 -1420 -2260 2635 -3698 1361 -8654 -7643 4118 -7888 -2907 -5679 -5066 737 6203 5412 1985 6199 -2601

182 4119 -7327 -8472 2851 -1253 1706 6617 -2007 5941 -3855 1290 -8480 9340 -724 6336 4906 1884 7324 5332 -6691 7070 4618 -671 -4451 -8995 -2417 -9301 -1305 9787 8979 6158 3778 -932 9022 -8178 -8501 -3902 -7084 9647 -2871 7030 -2536 9394 -8297 -1024 5814 -9231 6178 9328 -1912 3532 6136 -7722 -8465 373 4714 -1619 -9977 -7434 -1583 60 3090 7093 1978 619 3637 -4402 6410 5779 1779 9162 -7784 -9311 -6962 1988 -2191 -5505 117 9292 -8244 -3966 4417 6400 9377 -3578 3565 2561 8773 -9805 -529 -9386 8518 -1443 9036 -2374 8357 6289 8735 5410

-8169 -7915 -5994 -392 -6072 9733 9631 -3776 -8666 4568 -1296 9351 3096 4633 -9247 1787 275 -5537 8944 1762 -2765 -9370 7655 9248 4762 -5432 -9262 7081 -6695 2046 8512 958 -4749 1142 -4404 9434 -7886 3977 -3800 6043 -1267 -3175 -3364 6060 -3017 6735 -6372 5432 -7297 -4038 6772 -3613 8655 9270 -7597 7534 4187 -5174 -5463 -7181 -6991 3058 5715 7349 8577 9730 3885 9903 -3438 9049 1137 -9456 -1186 -2945 9222 -979 -4928 -6486 -2169 -5510 -7393 8911 -187 4904 84 15 -3612 5609 -2552 -8084 4145 -6779 4199 2708 -1290 6335 465 4058 6210 9820

500 NUMBERS

-9042 9531 2781 5859 2441 -3193 -6210 7747 7609 1168 -9082 9802 -8132 -1091 6896 -9351 -4626 -3753 -1700 -9549 -9407 3933 -9453 -3168 1837 -4464 3196 -5941 5099 6812 -308 -6624 5124 -7717 7937 -3276 3866 -7490 9324 4923 -7093 1110 5979 -9557 8733 3709 4043 9932 3571 4868 6875 9029 7966 -6501 -1143 -1494 -9809 5738 -6179 -8977 4444 803 2768 -5475 -5188 7491 6803 6076 -554 8585 -190 5357 -643 7839 -1799 -9059 663 320 2917 -9136 -5692 262 6722 -4131 7340 -2370 4266 -2024 -3728 -8583 -6755 -7534 -5464 -2092 -5223 1537 9575 -4689 -2319 -6972 9393 -4945 4241 -1032 -7096 -4126 -9487 9939 -79 -4184 -5811 -9924 -4658 5807 -4574 -9730 -9130 -2204 4443 -9053 2933 -281 -8207 -6757 -8116 -9967 -2074 -7415 2090 -606 -5480 -1958 5371 -2861 -8365 -7639 9435 8125 -9357 7235 5141 -2056 5684 -5879 132 1616 9277 6159 9368 -3915 -7402 4499 -4269 -5926 -9305 7113 5638 5789 -4400 9432 7902 -3280 -6228 4829 -1886 -8921 4476 -8804 -8491 -584 5183 772 1464 7828 -8187 -8793 7922 8145 6700 -3953 2067 -7676 -8337 -642 -9014 4837 7701 -9580 -6696 -2623 -9222 -9354 -3426 -3780 -5525 2395 9185 -4010 -3279 3026 -8533 -2287 -5710 2473 6490 -6737 -8515 9842 -3487 -1308 518 -2532 -2718 -7125 9452 5922 -8401 -1962 5337 -8334 -6628 -1440 -8640 -7450 -9109 -5570 4168 579 6568 9947 -3264 -901 -157 393 3172 -3035 -3949 3438 3829 4467 4548 -906 -1088 -1970 -6046 -2788 3054 3434 1644 -4448 8936 -7388 5739 -9110 -2390 5507 -2496 7759 -4956 8986 -5311 6935 -1178 5983 5605 -3578 1116 -5589 -8289 -3752 -8592 -1573 4680 8817 965 7325 5700 2934 2418 747 -7970 4067 9479 -5857 -1422 -7820 -1649 9165 -1591 -8797 -6025 3288 -1684 8194 5345 6593 -9071 2613 7468 5466 -5210 -3968 3181 1448 -6562 -1681 -2033 9823 -2239 2004 3406 2324 -1485 297 -1693 -5553 4155 4856 4762 -5243 -3837 1669 6736 1175 9687 2191 4039 -8782 9209 -4085 9776 9487 -2738 4782 5457 813 -9342 6975 -7470 -2802 5899 6180 -3528 -5185 -3568 -1378 5139 -4060 -2814 -6389 6735 -6955 4479 6008 -4953 735 9425 -9315 -257 13 -3171 -804 -1218 8381 -9762 -4375 3480 4296 -2475 3361 6837 -7089 6221 -5510 185 2483 -4295 -7828 3811 5935 1806 5963 5866 110 5576 4695 9676 -8285 4181 6000 -4898 9637 8915 3772 7496 5893 1177 -8524 -3839 1691 6276 1097 -5935 -1568 8240 -3165 7851 -726 6242 -8286 -3034 -9725 -9093 -4971 -9862 7295 -830 -5628 8870 -1648 4214 -9292 -1084 3017 8189 -8708 5881 -743 -1859 1490 -2675 2761 4798 253 984 -8022 2532 3631 -4328 6335 -5492 -2996 604 -5037 -6762 -2026 -12 3560 3063 630 9876 -9883 -61 -3267 1588 -898 -1698 742 5825 9579 8588 7670 -3065 -7984 -1042 7904 8238 -1207 6889 -3414 4763 6342 3278 4301 1786 5759 1650 -3456 -521 -258 -386 9807 -8215 -6099 -9405 7949 -6135 -7679 7608 2524 7924 3510 6933 8816 -1118 1829 -9573 -7017 7319 8602

-3488 1139 -819 -8560 -2508 8261 2207 827 -7418 7748 -6050 3933 -7420 -5401 1269 -2663 965 5230 -1768 -8256 7338 -9740 8636 4109 4696 645 -3572 255 -3088 6003 7699 -1088 -5521 -5066 135 -1976 -7109 -4987 9489 -9110 -5128 -648 7022 600 78 9382 7469 8682 -5460 7789 -2299 70 8867 -7280 -9584 7928 9954 8882 9604 -6927 -8970 -2760 -4382 -7190 8488 -8314 5450 3882 4447 6470 8964 -7812 -3800 774 8383 4972 8802 -8685 -4744 -626 -2797 -2446 3836 -2932 9562 2559 2040 -991 7918 9598 6091 -9183 -4136 3545 8632 1105 2134 8610 -7621 5441 279 -9176 2382 -6470 5860 -5587 3143 8581 2850 -6893 780 9097 -4667 7387 -7067 3799 9290 8720 3831 4395 9175 5514 -5079 4207 6561 -5616 -9679 -6112 816 -1995 -6659 1942 -2591 7643 -6468 -7173 -3453 -4467 -9442 -4999 -4577 6916 9021 2164 -8054 -2360 3548 6434 -8018 -3821 6210 -8299 -4380 8026 4640 -5536 -9276 5182 -9872 351 475 -6499 -4349 6334 -2728 -6847 -7186 1620 3383 -2922 -8148 3451 -113 -5023 -7877 -8107 -9141 8152 -3178 2794 204 2054 -6704 -8426 7571 6619 9872 1378 8429 -1868 5577 -32 1281 9366 3906 -9328 -774 4525 -5433 18 -6783 3180 -630 3722 8337 -5865 -2011 2780 -9827 7477 4416 -9895 8716 -184 6959 849 289 -4566 -5945 -8631 -2002 7309 -692 7220 3413 -8967 4756 5533 -6124 4551 4201 -3135 -875 -790 -1778 7557 -8893 3113 -1900 7680 -2674 -9096 -4944 -5735 2882 6086 6998 12 -3717 9040 -3974 4777 7206 7867 -8898 3414 7054 2005 6747 -2764 6423 3277 8970 8239 956 -6811 -509 7814 -688 374 9902 623 -6296 9642 -9683 4532 3870 5015 5334 -5889 -5649 -4516 -8312 7282 -2580 3701 1624 6624 1126 -9745 -1626 -318 -5765 4841 -8361 3539 -8789 -9352 7228 4012 9764 -4275 5956 -114 5655 -6313 4394 6053 -4700 -8124 483 -3298 -2750 -2108 7096 3009 -1264 -1839 -8829 -8318 7684 -5609 -1926 -5948 1196 1739 -8013 -7525 -9436 1995 -2414 5000 -8775 9034 8427 8291 3524 -4732 2157 5762 -8929 1171 5678 -3796 -7019 -4167 9288 8594 -1632 -5919 -4634 6635 3058 -2971 -5235 6872 -1494 -1098 3868 -2627 -6530 -5000 4083 -3444 -4059 -555 2437 -1019 -5874 -442 7544 9291 -4039 -9476 -6970 -1327 -2024 3017 -9111 -4388 3990 6464 -8190 -2889 -9504 -2310 -7841 -2770 -4982 760 -7732 -8695 1410 5176 8371 -400 3723 7175 -6087 -7241 6044 -929 -9884 9326 200 2342 7812 8553 8158 -4507 -4097 -7278 -1756 -7966 4143 8686 -5946 7673 4636 -9843 -3826 -6080 -291 -807 9983 -2129 7975 6054 6685 2535 7720 4429 138 2196 9246 -2636 -3705 -1366 -6365 -7750 5850 5308 6678 3320 4297 875 3975 7058 695 9671 1372 3240 -4772 4907 -7950 5779 4827 -1393 -5382 -3609 2797 4122 -5544 -5986 8546 6902 -786 -1925 656 -8557 4005 228 4598 824 -1 6686 9620 -562 -1815 -8392 -7492 -6676 9615 8791 1297 864 8397 -5134 2513 536 -7304 -1141 7905 -4317 -7808 -2030 3131 -2382 1752 -5635

5991 -3163 -9330 669 -7711 8359 -2086 -1650 -9592 -6629 4120 729 -8268 -6772 -3224 6536 -8067 5615 2985 -3488 -2424 5102 3609 1674 -6314 -8549 3179 27 4580 3349 -1526 -8752 -6987 3309 2975 2183 5650 7106 1724 7248 -6856 -6663 8899 9645 -9555 4168 -2024 8449 9622 6016 9488 -1126 -1242 -8073 4026 8594 -2628 -8490 3113 -4916 1471 1615 9231 -8176 -5837 91 -8793 -1916 3140 -2996 563 -8674 9576 9423 8959 5158 3361 -9693 -5657 -4018 -1425 3274 -9537 2884 -8272 7367 -3065 -9015 7114 -2742 -8736 -3199 9911 -6084 9325 -3969 5166 9944 7507 2970 5386 1456 -5666 6800 8389 -7235 7028 -6649 -9925 -7260 9014 2340 2394 -4274 -2646 -7340 6343 -8025 6974 -104 6699 -2019 3421 3323 6153 -4732 8677 6514 -460 4270 1871 -3136 7068 3293 8286 623 9869 8307 385 -345 -6618 -2615 820 6077 7997 -2492 -4453 4958 -8311 5241 -2291 -7083 -791 7729 2626 9055 -4607 -3700 337 -4144 3721 2446 3141 -3044 4126 6940 -7593 7757 4989 -7612 -7928 693 -413 -5576 7394 -7575 -927 1863 -9382 -2230 2401 -9036 3033 9761 3398 -5640 -6258 1199 5112 -481 1482 -4277 -1091 -9028 -4762 3372 -7206 -6570 9723 -8083 -468 -8444 -7634 8430 277 4551 -6376 -9851 2814 -8984 4367 -3103 6610 -8931 -6218 9969 9845 -7542 -8554 862 -7633 4372 -9792 -1706 6093 -8647 -2883 -6309 -4279 5608 8352 5460 -4878 2987 -465 1767 3362 8434 8591 9888 -8960 -6548 -8298 953 -8933 3477 -8772 -7061 2863 2844 -6845 -8344 6103 1766 -6527 800 -5849 5006 -414 -972 4532 -2992 -6873 -1428 6492 -6692 1978 5372 8662 -5777 144 1262 -421 -4632 1790 7450 8388 -8439 4225 -4970 9037 3063 2248 8868 568 9135 3200 -674 8483 -1963 4272 9577 6680 6620 -2025 -6679 1086 6934 2360 -4768 7762 6149 -3920 2470 9219 9656 -7688 1181 8884 4873 7124 -6778 5446 -9899 3548 -9023 5206 -5025 4335 6402 1825 7632 -4464 -7225 -5842 -1457 -9667 -8216 -73 6034 7944 -2341 2848 -5855 8781 -7339 9659 -7640 -4523 444 5635 9999 -1040 64 -7900 4752 -322 5037 -8621 -2775 8697 7294 -3202 151 -6822 4521 -9926 -4994 -5442 3954 2086 7672 -4930 -4287 -4431 4914 -6705 -5752 5890 9386 -4146 753 -2138 7870 -6076 6754 8425 -9598 8768 6858 9517 -5048 -8486 2748 8513 -3632 564 5033 3692 9921 -7087 292 -1700 -8652 5910 -688 2490 -9119 -4514 8447 -7254 5722 -6170 -3458 2389 4278 7660 -7115 8157 8460 -9394 -8136 -4578 -1776 3015 3060 -3755 -5282 -1281 -6509 5370 7153 -6963 8933 8269 -5179 -9698 3503 9079 -5303 -822 9459 -6796 7640 -518 -3721 2980 8941 -3538 -8903 6948 307 3792 -7148 1967 -9404 -1331 -7264 -8669 4617 881 1577 -5217 -4864 -8334 -6923 -1788 -7540 5316 -7574 4785 8321 -9695 1717 8968 -9066 -5262 -6119 1963 2519 2288 1827 -1853 8876 184 -7088 -8654 -4082 -3580 -8892 -4328 -1477 -2750 3308 7500 1457 1624 -6779 -7089 -1506 9836 -5094 7693 -5583 9013 4602 -6412 -6038 2688 -5748
